YYYYMM,행정동코드,행정동이름,AREA_M2,LAT,LON,전체승객수
202603.0,1111051500,청운효자동,2438307.0,126.97042,37.58466,255505.0
202604.0,1111051500,청운효자동,2438307.0,126.97042,37.58466,283102.0
202603.0,1111053000,사직동,1165780.0,126.97014,37.57411,2743110.0
202604.0,1111053000,사직동,1165780.0,126.97014,37.57411,2876466.0
202603.0,1111054000,삼청동,1361445.0,126.98111,37.58801,150749.0
202604.0,1111054000,삼청동,1361445.0,126.98111,37.58801,164978.0
202603.0,1111055000,부암동,2202073.0,126.96256,37.5967,341457.0
202604.0,1111055000,부암동,2202073.0,126.96256,37.5967,356414.0
202603.0,1111056000,평창동,9017316.0,126.96927,37.61396,283669.0
202604.0,1111056000,평창동,9017316.0,126.96927,37.61396,287990.0
202603.0,1111057000,무악동,467575.0,126.95899,37.57774,64594.0
202604.0,1111057000,무악동,467575.0,126.95899,37.57774,66363.0
202603.0,1111058000,교남동,345990.0,126.96416,37.57105,324305.0
202604.0,1111058000,교남동,345990.0,126.96416,37.57105,331491.0
202603.0,1111060000,가회동,605383.0,126.98662,37.58268,71476.0
202604.0,1111060000,가회동,605383.0,126.98662,37.58268,76045.0
202603.0,1111061500,종로1.2.3.4가동,2394166.0,126.98973,37.57508,5838778.0
202604.0,1111061500,종로1.2.3.4가동,2394166.0,126.98973,37.57508,6016908.0
202603.0,1111063000,종로5.6가동,633463.0,127.00424,37.57302,2209777.0
202604.0,1111063000,종로5.6가동,633463.0,127.00424,37.57302,2193585.0
202603.0,1111064000,이화동,755902.0,127.00307,37.57969,1702370.0
202604.0,1111064000,이화동,755902.0,127.00307,37.57969,1727723.0
202603.0,1111065000,혜화동,1164691.0,126.99769,37.58747,653168.0
202604.0,1111065000,혜화동,1164691.0,126.99769,37.58747,650231.0
202603.0,1111067000,창신제1동,313832.0,127.01402,37.57226,335233.0
202604.0,1111067000,창신제1동,313832.0,127.01402,37.57226,347458.0
202603.0,1111068000,창신제2동,249894.0,127.01025,37.57575,5291.0
202604.0,1111068000,창신제2동,249894.0,127.01025,37.57575,5635.0
202603.0,1111069000,창신제3동,220395.0,127.01321,37.57882,161157.0
202604.0,1111069000,창신제3동,220395.0,127.01321,37.57882,164417.0
202603.0,1111070000,숭인제1동,237128.0,127.01686,37.57723,213653.0
202604.0,1111070000,숭인제1동,237128.0,127.01686,37.57723,212217.0
202603.0,1111071000,숭인제2동,321465.0,127.02064,37.57431,856504.0
202604.0,1111071000,숭인제2동,321465.0,127.02064,37.57431,854084.0
202603.0,1114052000,소공동,935656.0,126.97436,37.5643,2610717.0
202604.0,1114052000,소공동,935656.0,126.97436,37.5643,2700211.0
202603.0,1114054000,회현동,892974.0,126.97671,37.55697,6398830.0
202604.0,1114054000,회현동,892974.0,126.97671,37.55697,6556927.0
202603.0,1114055000,명동,1006850.0,126.98436,37.56373,3603137.0
202604.0,1114055000,명동,1006850.0,126.98436,37.56373,3626572.0
202603.0,1114057000,필동,1478522.0,126.99385,37.5568,1236425.0
202604.0,1114057000,필동,1478522.0,126.99385,37.5568,1296478.0
202603.0,1114058000,장충동,1003083.0,127.00228,37.55561,538299.0
202604.0,1114058000,장충동,1003083.0,127.00228,37.55561,575562.0
202603.0,1114059000,광희동,752739.0,127.00363,37.5652,1699165.0
202604.0,1114059000,광희동,752739.0,127.00363,37.5652,1700948.0
202603.0,1114060500,을지로동,599530.0,126.99649,37.56664,1979731.0
202604.0,1114060500,을지로동,599530.0,126.99649,37.56664,2033556.0
202603.0,1114061500,신당동,541354.0,127.01377,37.56575,904646.0
202604.0,1114061500,신당동,541354.0,127.01377,37.56575,909197.0
202603.0,1114062500,다산동,546686.0,127.00826,37.5547,120719.0
202604.0,1114062500,다산동,546686.0,127.00826,37.5547,123749.0
202603.0,1114063500,약수동,511938.0,127.01024,37.54984,709623.0
202604.0,1114063500,약수동,511938.0,127.01024,37.54984,717123.0
202603.0,1114064500,청구동,330066.0,127.01499,37.55686,79798.0
202604.0,1114064500,청구동,330066.0,127.01499,37.55686,82264.0
202603.0,1114065000,신당제5동,315652.0,127.02202,37.56358,195521.0
202604.0,1114065000,신당제5동,315652.0,127.02202,37.56358,199022.0
202603.0,1114066500,동화동,344934.0,127.01867,37.56059,266077.0
202604.0,1114066500,동화동,344934.0,127.01867,37.56059,270386.0
202603.0,1114067000,황학동,314878.0,127.0208,37.56842,132611.0
202604.0,1114067000,황학동,314878.0,127.0208,37.56842,137167.0
202603.0,1114068000,중림동,492309.0,126.96596,37.55732,145172.0
202604.0,1114068000,중림동,492309.0,126.96596,37.55732,149820.0
202603.0,1117051000,후암동,865282.0,126.98059,37.54994,199383.0
202604.0,1117051000,후암동,865282.0,126.98059,37.54994,218265.0
202603.0,1117052000,용산2가동,2045385.0,126.98353,37.54024,689762.0
202604.0,1117052000,용산2가동,2045385.0,126.98353,37.54024,728372.0
202603.0,1117053000,남영동,751924.0,126.97351,37.54511,1376256.0
202604.0,1117053000,남영동,751924.0,126.97351,37.54511,1396873.0
202603.0,1117055500,청파동,854585.0,126.96717,37.54786,265753.0
202604.0,1117055500,청파동,854585.0,126.96717,37.54786,271706.0
202603.0,1117056000,원효로제1동,563923.0,126.96656,37.53747,288850.0
202604.0,1117056000,원효로제1동,563923.0,126.96656,37.53747,297431.0
202603.0,1117057000,원효로제2동,943601.0,126.95139,37.5331,180665.0
202604.0,1117057000,원효로제2동,943601.0,126.95139,37.5331,184117.0
202603.0,1117058000,효창동,502716.0,126.96131,37.54305,468867.0
202604.0,1117058000,효창동,502716.0,126.96131,37.54305,476266.0
202603.0,1117059000,용문동,268086.0,126.95858,37.53815,93780.0
202604.0,1117059000,용문동,268086.0,126.95858,37.53815,94555.0
202603.0,1117062500,한강로동,2632658.0,126.96786,37.52918,3382773.0
202604.0,1117062500,한강로동,2632658.0,126.96786,37.52918,3396561.0
202603.0,1117063000,이촌제1동,2128932.0,126.97096,37.51728,205375.0
202604.0,1117063000,이촌제1동,2128932.0,126.97096,37.51728,211729.0
202603.0,1117064000,이촌제2동,1203554.0,126.95394,37.52333,81392.0
202604.0,1117064000,이촌제2동,1203554.0,126.95394,37.52333,85746.0
202603.0,1117065000,이태원제1동,533547.0,126.99325,37.53339,612464.0
202604.0,1117065000,이태원제1동,533547.0,126.99325,37.53339,616464.0
202603.0,1117066000,이태원제2동,891712.0,126.99213,37.54166,133874.0
202604.0,1117066000,이태원제2동,891712.0,126.99213,37.54166,141965.0
202603.0,1117068500,한남동,3194899.0,127.0058,37.5371,1188669.0
202604.0,1117068500,한남동,3194899.0,127.0058,37.5371,1248033.0
202603.0,1117069000,서빙고동,2917053.0,126.98838,37.52247,292610.0
202604.0,1117069000,서빙고동,2917053.0,126.98838,37.52247,299818.0
202603.0,1117070000,보광동,872912.0,127.00126,37.52587,105312.0
202604.0,1117070000,보광동,872912.0,127.00126,37.52587,103877.0
202603.0,1120052000,왕십리제2동,334371.0,127.02769,37.5615,586996.0
202604.0,1120052000,왕십리제2동,334371.0,127.02769,37.5615,596017.0
202603.0,1120053500,왕십리도선동,721844.0,127.02957,37.56679,254732.0
202604.0,1120053500,왕십리도선동,721844.0,127.02957,37.56679,260571.0
202603.0,1120054000,마장동,1127258.0,127.04049,37.56764,381351.0
202604.0,1120054000,마장동,1127258.0,127.04049,37.56764,386843.0
202603.0,1120055000,사근동,1154150.0,127.04543,37.55801,759405.0
202604.0,1120055000,사근동,1154150.0,127.04543,37.55801,757473.0
202603.0,1120056000,행당제1동,566619.0,127.03606,37.55902,1476156.0
202604.0,1120056000,행당제1동,566619.0,127.03606,37.55902,1455465.0
202603.0,1120057000,행당제2동,479532.0,127.0295,37.55668,420674.0
202604.0,1120057000,행당제2동,479532.0,127.0295,37.55668,430297.0
202603.0,1120058000,응봉동,563044.0,127.03398,37.55099,164305.0
202604.0,1120058000,응봉동,563044.0,127.03398,37.55099,170201.0
202603.0,1120059000,금호1가동,407653.0,127.02506,37.55367,323237.0
202604.0,1120059000,금호1가동,407653.0,127.02506,37.55367,332004.0
202603.0,1120061500,금호2.3가동,665732.0,127.01989,37.55143,160296.0
202604.0,1120061500,금호2.3가동,665732.0,127.01989,37.55143,165407.0
202603.0,1120062000,금호4가동,930024.0,127.0246,37.54459,497219.0
202604.0,1120062000,금호4가동,930024.0,127.0246,37.54459,505738.0
202603.0,1120064500,옥수동,1250869.0,127.01618,37.54197,533934.0
202604.0,1120064500,옥수동,1250869.0,127.01618,37.54197,548243.0
202603.0,1120065000,성수1가제1동,2238042.0,127.04104,37.54042,405109.0
202604.0,1120065000,성수1가제1동,2238042.0,127.04104,37.54042,465538.0
202603.0,1120066000,성수1가제2동,977066.0,127.04395,37.54907,901667.0
202604.0,1120066000,성수1가제2동,977066.0,127.04395,37.54907,936986.0
202603.0,1120067000,성수2가제1동,1150487.0,127.05528,37.53666,198933.0
202604.0,1120067000,성수2가제1동,1150487.0,127.05528,37.53666,210722.0
202603.0,1120069000,성수2가제3동,1046168.0,127.05814,37.54554,1918564.0
202604.0,1120069000,성수2가제3동,1046168.0,127.05814,37.54554,1918528.0
202603.0,1120072000,송정동,587634.0,127.0657,37.55233,94272.0
202604.0,1120072000,송정동,587634.0,127.0657,37.55233,96418.0
202603.0,1120079000,용답동,2372731.0,127.05785,37.55854,1432258.0
202604.0,1120079000,용답동,2372731.0,127.05785,37.55854,1447272.0
202603.0,1121571000,화양동,1178002.0,127.07346,37.54327,2169295.0
202604.0,1121571000,화양동,1178002.0,127.07346,37.54327,2128674.0
202603.0,1121573000,군자동,734486.0,127.07368,37.55307,334304.0
202604.0,1121573000,군자동,734486.0,127.07368,37.55307,340317.0
202603.0,1121574000,중곡제1동,590812.0,127.07772,37.56204,152392.0
202604.0,1121574000,중곡제1동,590812.0,127.07772,37.56204,155074.0
202603.0,1121575000,중곡제2동,544506.0,127.08459,37.55891,185081.0
202604.0,1121575000,중곡제2동,544506.0,127.08459,37.55891,183854.0
202603.0,1121576000,중곡제3동,602735.0,127.08197,37.56785,499043.0
202604.0,1121576000,중곡제3동,602735.0,127.08197,37.56785,507571.0
202603.0,1121577000,중곡제4동,2284644.0,127.09445,37.56391,112176.0
202604.0,1121577000,중곡제4동,2284644.0,127.09445,37.56391,111962.0
202603.0,1121578000,능동,1083377.0,127.08165,37.55066,1694448.0
202604.0,1121578000,능동,1083377.0,127.08165,37.55066,1727181.0
202603.0,1121581000,광장동,2755836.0,127.10487,37.54828,549126.0
202604.0,1121581000,광장동,2755836.0,127.10487,37.54828,571757.0
202603.0,1121582000,자양제1동,565020.0,127.08042,37.53554,185023.0
202604.0,1121582000,자양제1동,565020.0,127.08042,37.53554,187748.0
202603.0,1121583000,자양제2동,1631119.0,127.08325,37.52933,233972.0
202604.0,1121583000,자양제2동,1631119.0,127.08325,37.52933,239509.0
202603.0,1121584000,자양제3동,1134722.0,127.0712,37.53169,207514.0
202604.0,1121584000,자양제3동,1134722.0,127.0712,37.53169,212323.0
202603.0,1121584700,자양제4동,1155166.0,127.06377,37.53389,548381.0
202604.0,1121584700,자양제4동,1155166.0,127.06377,37.53389,612937.0
202603.0,1121585000,구의제1동,552319.0,127.08603,37.54149,1130859.0
202604.0,1121585000,구의제1동,552319.0,127.08603,37.54149,1138251.0
202603.0,1121586000,구의제2동,1380731.0,127.09445,37.551,741536.0
202604.0,1121586000,구의제2동,1380731.0,127.09445,37.551,765156.0
202603.0,1121587000,구의제3동,1450497.0,127.09524,37.53509,1053780.0
202604.0,1121587000,구의제3동,1450497.0,127.09524,37.53509,1072538.0
202603.0,1123053600,용신동,1573645.0,127.03229,37.57562,2329968.0
202604.0,1123053600,용신동,1573645.0,127.03229,37.57562,2340724.0
202603.0,1123054500,제기동,1181233.0,127.03724,37.58368,1026308.0
202604.0,1123054500,제기동,1181233.0,127.03724,37.58368,1044088.0
202603.0,1123056000,전농제1동,1170148.0,127.05105,37.57901,1856875.0
202604.0,1123056000,전농제1동,1170148.0,127.05105,37.57901,1848586.0
202603.0,1123057000,전농제2동,995125.0,127.06114,37.58072,298834.0
202604.0,1123057000,전농제2동,995125.0,127.06114,37.58072,302367.0
202603.0,1123060000,답십리제1동,798544.0,127.0517,37.57094,244677.0
202604.0,1123060000,답십리제1동,798544.0,127.0517,37.57094,248581.0
202603.0,1123061000,답십리제2동,824988.0,127.06111,37.57089,341689.0
202604.0,1123061000,답십리제2동,824988.0,127.06111,37.57089,345453.0
202603.0,1123065000,장안제1동,1365375.0,127.06859,37.56623,635214.0
202604.0,1123065000,장안제1동,1365375.0,127.06859,37.56623,642579.0
202603.0,1123066000,장안제2동,1132972.0,127.07254,37.57576,478673.0
202604.0,1123066000,장안제2동,1132972.0,127.07254,37.57576,486702.0
202603.0,1123070500,청량리동,1176505.0,127.04512,37.58894,433388.0
202604.0,1123070500,청량리동,1176505.0,127.04512,37.58894,432368.0
202603.0,1123071000,회기동,803887.0,127.05141,37.5937,285850.0
202604.0,1123071000,회기동,803887.0,127.05141,37.5937,291310.0
202603.0,1123072000,휘경제1동,510437.0,127.06247,37.59187,1055972.0
202604.0,1123072000,휘경제1동,510437.0,127.06247,37.59187,1062241.0
202603.0,1123073000,휘경제2동,1195510.0,127.06644,37.58651,396444.0
202604.0,1123073000,휘경제2동,1195510.0,127.06644,37.58651,399537.0
202603.0,1123074000,이문제1동,1005087.0,127.06029,37.59722,636268.0
202604.0,1123074000,이문제1동,1005087.0,127.06029,37.59722,633046.0
202603.0,1123075000,이문제2동,805192.0,127.06749,37.60283,304400.0
202604.0,1123075000,이문제2동,805192.0,127.06749,37.60283,307678.0
202603.0,1126052000,면목제2동,744933.0,127.07814,37.58938,214173.0
202604.0,1126052000,면목제2동,744933.0,127.07814,37.58938,217576.0
202603.0,1126054000,면목제4동,849250.0,127.08647,37.57348,338977.0
202604.0,1126054000,면목제4동,849250.0,127.08647,37.57348,343320.0
202603.0,1126055000,면목제5동,590803.0,127.07967,37.58297,149145.0
202604.0,1126055000,면목제5동,590803.0,127.07967,37.58297,151338.0
202603.0,1126056500,면목본동,827948.0,127.08953,37.58834,906202.0
202604.0,1126056500,면목본동,827948.0,127.08953,37.58834,912938.0
202603.0,1126057000,면목제7동,1180742.0,127.09269,37.57729,206132.0
202604.0,1126057000,면목제7동,1180742.0,127.09269,37.57729,209318.0
202603.0,1126057500,면목제3.8동,1400985.0,127.09738,37.5846,864193.0
202604.0,1126057500,면목제3.8동,1400985.0,127.09738,37.5846,871449.0
202603.0,1126058000,상봉제1동,861947.0,127.08947,37.60203,207870.0
202604.0,1126058000,상봉제1동,861947.0,127.08947,37.60203,210620.0
202603.0,1126059000,상봉제2동,655590.0,127.0839,37.59425,1257876.0
202604.0,1126059000,상봉제2동,655590.0,127.0839,37.59425,1258510.0
202603.0,1126060000,중화제1동,669339.0,127.08315,37.60229,111046.0
202604.0,1126060000,중화제1동,669339.0,127.08315,37.60229,112586.0
202603.0,1126061000,중화제2동,957879.0,127.07521,37.59872,810604.0
202604.0,1126061000,중화제2동,957879.0,127.07521,37.59872,818366.0
202603.0,1126062000,묵제1동,1207708.0,127.08245,37.61374,239101.0
202604.0,1126062000,묵제1동,1207708.0,127.08245,37.61374,240224.0
202603.0,1126063000,묵제2동,668183.0,127.07467,37.61037,430005.0
202604.0,1126063000,묵제2동,668183.0,127.07467,37.61037,430205.0
202603.0,1126065500,망우본동,2948005.0,127.10754,37.60199,644842.0
202604.0,1126065500,망우본동,2948005.0,127.10754,37.60199,652708.0
202603.0,1126066000,망우제3동,991213.0,127.10294,37.59181,147334.0
202604.0,1126066000,망우제3동,991213.0,127.10294,37.59181,150122.0
202603.0,1126068000,신내1동,2490403.0,127.10451,37.6128,753873.0
202604.0,1126068000,신내1동,2490403.0,127.10451,37.6128,767681.0
202603.0,1126069000,신내2동,935095.0,127.09162,37.61095,310474.0
202604.0,1126069000,신내2동,935095.0,127.09162,37.61095,313644.0
202603.0,1129052500,성북동,2416176.0,126.99615,37.59587,468157.0
202604.0,1129052500,성북동,2416176.0,126.99615,37.59587,487529.0
202603.0,1129055500,삼선동,912074.0,127.0118,37.58662,2117922.0
202604.0,1129055500,삼선동,912074.0,127.0118,37.58662,2158670.0
202603.0,1129057500,동선동,731808.0,127.01843,37.59374,595658.0
202604.0,1129057500,동선동,731808.0,127.01843,37.59374,594526.0
202603.0,1129058000,돈암제1동,461014.0,127.02404,37.59933,450616.0
202604.0,1129058000,돈암제1동,461014.0,127.02404,37.59933,451081.0
202603.0,1129059000,돈암제2동,523725.0,127.01163,37.59728,172495.0
202604.0,1129059000,돈암제2동,523725.0,127.01163,37.59728,171779.0
202603.0,1129060000,안암동,1274562.0,127.02731,37.58725,823522.0
202604.0,1129060000,안암동,1274562.0,127.02731,37.58725,800682.0
202603.0,1129061000,보문동,589971.0,127.01922,37.5826,543938.0
202604.0,1129061000,보문동,589971.0,127.01922,37.5826,551163.0
202603.0,1129062000,정릉제1동,389711.0,127.01665,37.60326,443065.0
202604.0,1129062000,정릉제1동,389711.0,127.01665,37.60326,450297.0
202603.0,1129063000,정릉제2동,1126034.0,127.00812,37.60379,334050.0
202604.0,1129063000,정릉제2동,1126034.0,127.00812,37.60379,337026.0
202603.0,1129064000,정릉제3동,3357947.0,126.99377,37.61226,348370.0
202604.0,1129064000,정릉제3동,3357947.0,126.99377,37.61226,351457.0
202603.0,1129065000,정릉제4동,3712601.0,126.99518,37.62351,688837.0
202604.0,1129065000,정릉제4동,3712601.0,126.99518,37.62351,701752.0
202603.0,1129066000,길음제1동,818440.0,127.01974,37.60811,1224754.0
202604.0,1129066000,길음제1동,818440.0,127.01974,37.60811,1239564.0
202603.0,1129068500,길음제2동,616132.0,127.02723,37.60797,327900.0
202604.0,1129068500,길음제2동,616132.0,127.02723,37.60797,336036.0
202603.0,1129070500,종암동,1520021.0,127.03337,37.59725,621081.0
202604.0,1129070500,종암동,1520021.0,127.03337,37.59725,627800.0
202603.0,1129071500,월곡제1동,764805.0,127.03645,37.60788,345600.0
202604.0,1129071500,월곡제1동,764805.0,127.03645,37.60788,351846.0
202603.0,1129072500,월곡제2동,1334181.0,127.04519,37.6033,806474.0
202604.0,1129072500,월곡제2동,1334181.0,127.04519,37.6033,814147.0
202603.0,1129076000,장위제1동,724308.0,127.04426,37.61494,264558.0
202604.0,1129076000,장위제1동,724308.0,127.04426,37.61494,268736.0
202603.0,1129077000,장위제2동,665829.0,127.05173,37.61222,572721.0
202604.0,1129077000,장위제2동,665829.0,127.05173,37.61222,578415.0
202603.0,1129078000,장위제3동,682909.0,127.05349,37.61818,213155.0
202604.0,1129078000,장위제3동,682909.0,127.05349,37.61818,220411.0
202603.0,1129081000,석관동,1731086.0,127.06134,37.60826,964150.0
202604.0,1129081000,석관동,1731086.0,127.06134,37.60826,961965.0
202603.0,1130553400,삼양동,951708.0,127.01468,37.62379,544740.0
202604.0,1130553400,삼양동,951708.0,127.01468,37.62379,551039.0
202603.0,1130553500,미아동,853875.0,127.02629,37.6287,857386.0
202604.0,1130553500,미아동,853875.0,127.02629,37.6287,867988.0
202603.0,1130554500,송중동,1061923.0,127.03292,37.6177,1004645.0
202604.0,1130554500,송중동,1061923.0,127.03292,37.6177,1013221.0
202603.0,1130555500,송천동,939469.0,127.02487,37.61822,1273507.0
202604.0,1130555500,송천동,939469.0,127.02487,37.61822,1278265.0
202603.0,1130557500,삼각산동,586701.0,127.01683,37.61713,253526.0
202604.0,1130557500,삼각산동,586701.0,127.01683,37.61713,256294.0
202603.0,1130559500,번1동,595659.0,127.03054,37.63763,1749198.0
202604.0,1130559500,번1동,595659.0,127.03054,37.63763,1758549.0
202603.0,1130560300,번2동,1012328.0,127.03479,37.62952,266733.0
202604.0,1130560300,번2동,1012328.0,127.03479,37.62952,275047.0
202603.0,1130560800,번3동,1091074.0,127.04234,37.62378,219387.0
202604.0,1130560800,번3동,1091074.0,127.04234,37.62378,227165.0
202603.0,1130561500,수유1동,1728230.0,127.00884,37.62993,514044.0
202604.0,1130561500,수유1동,1728230.0,127.00884,37.62993,522958.0
202603.0,1130562500,수유2동,606037.0,127.0195,37.6454,365592.0
202604.0,1130562500,수유2동,606037.0,127.0195,37.6454,370715.0
202603.0,1130563500,수유3동,730661.0,127.02355,37.64046,652059.0
202604.0,1130563500,수유3동,730661.0,127.02355,37.64046,649395.0
202603.0,1130564500,우이동,10697189.0,127.00032,37.66035,661554.0
202604.0,1130564500,우이동,10697189.0,127.00032,37.66035,682668.0
202603.0,1130566000,인수동,2860095.0,127.00396,37.63764,282265.0
202604.0,1130566000,인수동,2860095.0,127.00396,37.63764,288310.0
202603.0,1132051100,창제1동,1093061.0,127.04356,37.64714,1387823.0
202604.0,1132051100,창제1동,1093061.0,127.04356,37.64714,1397511.0
202603.0,1132051200,창제2동,682713.0,127.03682,37.64263,226727.0
202604.0,1132051200,창제2동,682713.0,127.03682,37.64263,233586.0
202603.0,1132051300,창제3동,637773.0,127.04163,37.63736,167461.0
202604.0,1132051300,창제3동,637773.0,127.04163,37.63736,168805.0
202603.0,1132051400,창제4동,1114658.0,127.05093,37.65258,350318.0
202604.0,1132051400,창제4동,1114658.0,127.05093,37.65258,349999.0
202603.0,1132051500,창제5동,690264.0,127.04277,37.65536,1071904.0
202604.0,1132051500,창제5동,690264.0,127.04277,37.65536,1082804.0
202603.0,1132052100,도봉제1동,8508462.0,127.02679,37.68508,331467.0
202604.0,1132052100,도봉제1동,8508462.0,127.02679,37.68508,337573.0
202603.0,1132052200,도봉제2동,1195130.0,127.04779,37.68119,716370.0
202604.0,1132052200,도봉제2동,1195130.0,127.04779,37.68119,731499.0
202603.0,1132066000,쌍문제1동,1160994.0,127.01951,37.65303,254396.0
202604.0,1132066000,쌍문제1동,1160994.0,127.01951,37.65303,260442.0
202603.0,1132067000,쌍문제2동,531978.0,127.037,37.65706,291667.0
202604.0,1132067000,쌍문제2동,531978.0,127.037,37.65706,292990.0
202603.0,1132068000,쌍문제3동,499481.0,127.03059,37.64769,246722.0
202604.0,1132068000,쌍문제3동,499481.0,127.03059,37.64769,249297.0
202603.0,1132068100,쌍문제4동,577003.0,127.03041,37.65555,198562.0
202604.0,1132068100,쌍문제4동,577003.0,127.03041,37.65555,202069.0
202603.0,1132069000,방학제1동,1060647.0,127.04352,37.66503,505624.0
202604.0,1132069000,방학제1동,1060647.0,127.04352,37.66503,509792.0
202603.0,1132070000,방학제2동,1108653.0,127.03226,37.66915,142355.0
202604.0,1132070000,방학제2동,1108653.0,127.03226,37.66915,144244.0
202603.0,1132071000,방학제3동,1860513.0,127.02347,37.6628,257383.0
202604.0,1132071000,방학제3동,1860513.0,127.02347,37.6628,264932.0
202603.0,1135056000,월계1동,1178816.0,127.0586,37.62181,394078.0
202604.0,1135056000,월계1동,1178816.0,127.0586,37.62181,393697.0
202603.0,1135057000,월계2동,1991879.0,127.05121,37.63407,373803.0
202604.0,1135057000,월계2동,1991879.0,127.05121,37.63407,380613.0
202603.0,1135058000,월계3동,1167762.0,127.06489,37.62466,402135.0
202604.0,1135058000,월계3동,1167762.0,127.06489,37.62466,401538.0
202603.0,1135059500,공릉1동,1208569.0,127.07277,37.62412,1197527.0
202604.0,1135059500,공릉1동,1208569.0,127.07277,37.62412,1189075.0
202603.0,1135060000,공릉2동,7264834.0,127.09423,37.63161,802546.0
202604.0,1135060000,공릉2동,7264834.0,127.09423,37.63161,818859.0
202603.0,1135061100,하계1동,1441008.0,127.07481,37.63862,334856.0
202604.0,1135061100,하계1동,1441008.0,127.07481,37.63862,345917.0
202603.0,1135061200,하계2동,505737.0,127.06482,37.63484,755830.0
202604.0,1135061200,하계2동,505737.0,127.06482,37.63484,767613.0
202603.0,1135061900,중계본동,2061637.0,127.08576,37.64814,273699.0
202604.0,1135061900,중계본동,2061637.0,127.08576,37.64814,281229.0
202603.0,1135062100,중계1동,608503.0,127.0735,37.65002,200025.0
202604.0,1135062100,중계1동,608503.0,127.0735,37.65002,205773.0
202603.0,1135062400,중계4동,1457885.0,127.08224,37.65885,191831.0
202604.0,1135062400,중계4동,1457885.0,127.08224,37.65885,206040.0
202603.0,1135062500,중계2.3동,946538.0,127.06589,37.64334,760323.0
202604.0,1135062500,중계2.3동,946538.0,127.06589,37.64334,777457.0
202603.0,1135063000,상계1동,5016467.0,127.06533,37.68327,622853.0
202604.0,1135063000,상계1동,5016467.0,127.06533,37.68327,626186.0
202603.0,1135064000,상계2동,591000.0,127.06727,37.65649,1692820.0
202604.0,1135064000,상계2동,591000.0,127.06727,37.65649,1680376.0
202603.0,1135066500,상계3.4동,5783082.0,127.08327,37.67515,377537.0
202604.0,1135066500,상계3.4동,5783082.0,127.08327,37.67515,384617.0
202603.0,1135067000,상계5동,492170.0,127.0696,37.66322,778439.0
202604.0,1135067000,상계5동,492170.0,127.0696,37.66322,813389.0
202603.0,1135069500,상계6.7동,1425634.0,127.06009,37.64875,393190.0
202604.0,1135069500,상계6.7동,1425634.0,127.06009,37.64875,396559.0
202603.0,1135070000,상계8동,661888.0,127.05365,37.66629,492205.0
202604.0,1135070000,상계8동,661888.0,127.05365,37.66629,497201.0
202603.0,1135071000,상계9동,837674.0,127.0625,37.66807,115282.0
202604.0,1135071000,상계9동,837674.0,127.0625,37.66807,117053.0
202603.0,1135072000,상계10동,828158.0,127.0584,37.65964,217292.0
202604.0,1135072000,상계10동,828158.0,127.0584,37.65964,221334.0
202603.0,1138051000,녹번동,1915175.0,126.93505,37.60542,1005342.0
202604.0,1138051000,녹번동,1915175.0,126.93505,37.60542,1019595.0
202603.0,1138052000,불광제1동,3346747.0,126.93927,37.61731,584249.0
202604.0,1138052000,불광제1동,3346747.0,126.93927,37.61731,593487.0
202603.0,1138053000,불광제2동,1338273.0,126.92865,37.62437,339195.0
202604.0,1138053000,불광제2동,1338273.0,126.92865,37.62437,349063.0
202603.0,1138055100,갈현제1동,953450.0,126.91489,37.62535,1347955.0
202604.0,1138055100,갈현제1동,953450.0,126.91489,37.62535,1354527.0
202603.0,1138055200,갈현제2동,1053392.0,126.91212,37.61828,561083.0
202604.0,1138055200,갈현제2동,1053392.0,126.91212,37.61828,571508.0
202603.0,1138056000,구산동,1352647.0,126.90765,37.61106,292735.0
202604.0,1138056000,구산동,1352647.0,126.90765,37.61106,300008.0
202603.0,1138057000,대조동,871085.0,126.9231,37.61228,1296833.0
202604.0,1138057000,대조동,871085.0,126.9231,37.61228,1302408.0
202603.0,1138058000,응암제1동,1160262.0,126.9269,37.59826,530913.0
202604.0,1138058000,응암제1동,1160262.0,126.9269,37.59826,542285.0
202603.0,1138059000,응암제2동,746941.0,126.92302,37.59189,202343.0
202604.0,1138059000,응암제2동,746941.0,126.92302,37.59189,208053.0
202603.0,1138060000,응암제3동,733293.0,126.91775,37.58865,380984.0
202604.0,1138060000,응암제3동,733293.0,126.91775,37.58865,390143.0
202603.0,1138062500,역촌동,1087046.0,126.91453,37.60457,473146.0
202604.0,1138062500,역촌동,1087046.0,126.91453,37.60457,481967.0
202603.0,1138063100,신사제1동,830268.0,126.90884,37.59899,838860.0
202604.0,1138063100,신사제1동,830268.0,126.90884,37.59899,876741.0
202603.0,1138063200,신사제2동,1041042.0,126.90629,37.59289,593510.0
202604.0,1138063200,신사제2동,1041042.0,126.90629,37.59289,616114.0
202603.0,1138064000,증산동,919884.0,126.90581,37.58378,553653.0
202604.0,1138064000,증산동,919884.0,126.90581,37.58378,571342.0
202603.0,1138065000,수색동,1140125.0,126.8949,37.58577,306426.0
202604.0,1138065000,수색동,1140125.0,126.8949,37.58577,316696.0
202603.0,1138069000,진관동,12911565.0,126.94052,37.63928,1424558.0
202604.0,1138069000,진관동,12911565.0,126.94052,37.63928,1448810.0
202603.0,1141052000,천연동,893844.0,126.95714,37.57121,608311.0
202604.0,1141052000,천연동,893844.0,126.95714,37.57121,611139.0
202603.0,1141055500,북아현동,444705.0,126.95552,37.55925,223910.0
202604.0,1141055500,북아현동,444705.0,126.95552,37.55925,227079.0
202603.0,1141056500,충현동,1136892.0,126.9581,37.56391,1500313.0
202604.0,1141056500,충현동,1136892.0,126.9581,37.56391,1515881.0
202603.0,1141058500,신촌동,2566839.0,126.94106,37.56364,2858551.0
202604.0,1141058500,신촌동,2566839.0,126.94106,37.56364,2869718.0
202603.0,1141061500,연희동,2825921.0,126.93273,37.57201,961552.0
202604.0,1141061500,연희동,2825921.0,126.93273,37.57201,998339.0
202603.0,1141062000,홍제제1동,1561215.0,126.9452,37.58154,1282037.0
202604.0,1141062000,홍제제1동,1561215.0,126.9452,37.58154,1323440.0
202603.0,1141064000,홍제제3동,1031592.0,126.95116,37.59202,316393.0
202604.0,1141064000,홍제제3동,1031592.0,126.95116,37.59202,319695.0
202603.0,1141065500,홍제제2동,712529.0,126.95253,37.58455,181385.0
202604.0,1141065500,홍제제2동,712529.0,126.95253,37.58455,184449.0
202603.0,1141066000,홍은제1동,1550491.0,126.94703,37.59998,232577.0
202604.0,1141066000,홍은제1동,1550491.0,126.94703,37.59998,238154.0
202603.0,1141068500,홍은제2동,2048086.0,126.93217,37.58699,722197.0
202604.0,1141068500,홍은제2동,2048086.0,126.93217,37.58699,768833.0
202603.0,1141069000,남가좌제1동,447138.0,126.9162,37.57169,426978.0
202604.0,1141069000,남가좌제1동,447138.0,126.9162,37.57169,431773.0
202603.0,1141070000,남가좌제2동,812456.0,126.92133,37.57762,440345.0
202604.0,1141070000,남가좌제2동,812456.0,126.92133,37.57762,444570.0
202603.0,1141071000,북가좌제1동,581080.0,126.908,37.57527,182401.0
202604.0,1141071000,북가좌제1동,581080.0,126.908,37.57527,187796.0
202603.0,1141072000,북가좌제2동,795331.0,126.9135,37.581,332630.0
202604.0,1141072000,북가좌제2동,795331.0,126.9135,37.581,341482.0
202603.0,1144055500,아현동,731252.0,126.95284,37.55193,945589.0
202604.0,1144055500,아현동,731252.0,126.95284,37.55193,968376.0
202603.0,1144056500,공덕동,1002153.0,126.95779,37.54912,1676692.0
202604.0,1144056500,공덕동,1002153.0,126.95779,37.54912,1711109.0
202603.0,1144058500,도화동,860064.0,126.94681,37.53704,249068.0
202604.0,1144058500,도화동,860064.0,126.94681,37.53704,256914.0
202603.0,1144059000,용강동,956700.0,126.94127,37.54059,609477.0
202604.0,1144059000,용강동,956700.0,126.94127,37.54059,627140.0
202603.0,1144060000,대흥동,836007.0,126.9414,37.55212,1509242.0
202604.0,1144060000,대흥동,836007.0,126.9414,37.55212,1516724.0
202603.0,1144061000,염리동,539922.0,126.94755,37.54982,128686.0
202604.0,1144061000,염리동,539922.0,126.94755,37.54982,131205.0
202603.0,1144063000,신수동,1118424.0,126.93364,37.54363,61022.0
202604.0,1144063000,신수동,1118424.0,126.93364,37.54363,60879.0
202603.0,1144065500,서강동,1715559.0,126.92516,37.54595,866691.0
202604.0,1144065500,서강동,1715559.0,126.92516,37.54595,881971.0
202603.0,1144066000,서교동,1647625.0,126.92094,37.55477,6835887.0
202604.0,1144066000,서교동,1647625.0,126.92094,37.55477,6905690.0
202603.0,1144068000,합정동,1753036.0,126.90884,37.54687,214684.0
202604.0,1144068000,합정동,1753036.0,126.90884,37.54687,229551.0
202603.0,1144069000,망원제1동,1124872.0,126.90021,37.55275,221947.0
202604.0,1144069000,망원제1동,1124872.0,126.90021,37.55275,237746.0
202603.0,1144070000,망원제2동,1208058.0,126.89568,37.55712,152172.0
202604.0,1144070000,망원제2동,1208058.0,126.89568,37.55712,159241.0
202603.0,1144071000,연남동,647383.0,126.92154,37.56303,253678.0
202604.0,1144071000,연남동,647383.0,126.92154,37.56303,259848.0
202603.0,1144072000,성산제1동,864039.0,126.91185,37.56198,249174.0
202604.0,1144072000,성산제1동,864039.0,126.91185,37.56198,254938.0
202603.0,1144073000,성산제2동,1963168.0,126.90204,37.56811,958504.0
202604.0,1144073000,성산제2동,1963168.0,126.90204,37.56811,1021071.0
202603.0,1144074000,상암동,7678191.0,126.88086,37.57179,1801902.0
202604.0,1144074000,상암동,7678191.0,126.88086,37.57179,1896739.0
202603.0,1147051000,목1동,1564660.0,126.8751,37.52744,1825188.0
202604.0,1147051000,목1동,1564660.0,126.8751,37.52744,1863787.0
202603.0,1147052000,목2동,1054247.0,126.8741,37.54359,906716.0
202604.0,1147052000,목2동,1054247.0,126.8741,37.54359,930919.0
202603.0,1147053000,목3동,500764.0,126.86541,37.5452,677000.0
202604.0,1147053000,목3동,500764.0,126.86541,37.5452,687660.0
202603.0,1147054000,목4동,561686.0,126.8669,37.53544,282526.0
202604.0,1147054000,목4동,561686.0,126.8669,37.53544,284793.0
202603.0,1147055000,목5동,2069098.0,126.88103,37.53631,466487.0
202604.0,1147055000,목5동,2069098.0,126.88103,37.53631,476793.0
202603.0,1147056000,신월1동,630072.0,126.83453,37.53127,129371.0
202604.0,1147056000,신월1동,630072.0,126.83453,37.53127,132260.0
202603.0,1147057000,신월2동,614213.0,126.84633,37.5234,214940.0
202604.0,1147057000,신월2동,614213.0,126.84633,37.5234,217870.0
202603.0,1147058000,신월3동,926653.0,126.82747,37.53236,106880.0
202604.0,1147058000,신월3동,926653.0,126.82747,37.53236,111389.0
202603.0,1147059000,신월4동,454712.0,126.83982,37.52225,177433.0
202604.0,1147059000,신월4동,454712.0,126.83982,37.52225,179880.0
202603.0,1147060000,신월5동,515356.0,126.8299,37.54004,125939.0
202604.0,1147060000,신월5동,515356.0,126.8299,37.54004,129340.0
202603.0,1147061000,신월6동,473483.0,126.84213,37.51597,158213.0
202604.0,1147061000,신월6동,473483.0,126.84213,37.51597,162762.0
202603.0,1147061100,신월7동,900522.0,126.83234,37.52066,176741.0
202604.0,1147061100,신월7동,900522.0,126.83234,37.52066,179876.0
202603.0,1147062000,신정1동,739881.0,126.85963,37.51888,190141.0
202604.0,1147062000,신정1동,739881.0,126.85963,37.51888,194144.0
202603.0,1147063000,신정2동,648695.0,126.87518,37.51895,102293.0
202604.0,1147063000,신정2동,648695.0,126.87518,37.51895,105038.0
202603.0,1147064000,신정3동,3169421.0,126.8394,37.51178,847552.0
202604.0,1147064000,신정3동,3169421.0,126.8394,37.51178,864708.0
202603.0,1147065000,신정4동,996239.0,126.85757,37.52541,902245.0
202604.0,1147065000,신정4동,996239.0,126.85757,37.52541,919600.0
202603.0,1147067000,신정6동,926759.0,126.86964,37.51591,172541.0
202604.0,1147067000,신정6동,926759.0,126.86964,37.51591,175271.0
202603.0,1147068000,신정7동,1143920.0,126.86468,37.51012,384282.0
202604.0,1147068000,신정7동,1143920.0,126.86468,37.51012,393067.0
202603.0,1150051000,염창동,2389890.0,126.87543,37.55321,415574.0
202604.0,1150051000,염창동,2389890.0,126.87543,37.55321,419678.0
202603.0,1150052000,등촌제1동,658950.0,126.85963,37.55586,483961.0
202604.0,1150052000,등촌제1동,658950.0,126.85963,37.55586,488726.0
202603.0,1150053000,등촌제2동,895367.0,126.86003,37.54574,238140.0
202604.0,1150053000,등촌제2동,895367.0,126.86003,37.54574,240932.0
202603.0,1150053500,등촌제3동,1042691.0,126.84634,37.56105,1054740.0
202604.0,1150053500,등촌제3동,1042691.0,126.84634,37.56105,1068969.0
202603.0,1150054000,화곡제1동,1192600.0,126.84094,37.53378,2332618.0
202604.0,1150054000,화곡제1동,1192600.0,126.84094,37.53378,2371468.0
202603.0,1150055000,화곡제2동,456930.0,126.85437,37.53228,149749.0
202604.0,1150055000,화곡제2동,456930.0,126.85437,37.53228,151635.0
202603.0,1150056000,화곡제3동,526606.0,126.83427,37.54406,133865.0
202604.0,1150056000,화곡제3동,526606.0,126.83427,37.54406,134391.0
202603.0,1150057000,화곡제4동,855978.0,126.85858,37.5361,161841.0
202604.0,1150057000,화곡제4동,855978.0,126.85858,37.5361,163554.0
202603.0,1150059000,화곡본동,982074.0,126.84816,37.54257,277073.0
202604.0,1150059000,화곡본동,982074.0,126.84816,37.54257,279160.0
202603.0,1150059100,화곡제6동,1062894.0,126.85117,37.55172,458603.0
202604.0,1150059100,화곡제6동,1062894.0,126.85117,37.55172,457981.0
202603.0,1150059300,화곡제8동,575541.0,126.84863,37.53422,251222.0
202604.0,1150059300,화곡제8동,575541.0,126.84863,37.53422,252388.0
202603.0,1150060300,가양제1동,5543738.0,126.83435,37.5731,1763029.0
202604.0,1150060300,가양제1동,5543738.0,126.83435,37.5731,1793143.0
202603.0,1150060400,가양제2동,1012806.0,126.85401,37.56866,69455.0
202604.0,1150060400,가양제2동,1012806.0,126.85401,37.56866,69895.0
202603.0,1150060500,가양제3동,932533.0,126.8623,37.56268,61179.0
202604.0,1150060500,가양제3동,932533.0,126.8623,37.56268,63576.0
202603.0,1150061100,발산제1동,2963745.0,126.82558,37.55045,794672.0
202604.0,1150061100,발산제1동,2963745.0,126.82558,37.55045,805434.0
202603.0,1150061500,우장산동,1245257.0,126.84102,37.55057,1108118.0
202604.0,1150061500,우장산동,1245257.0,126.84102,37.55057,1117232.0
202603.0,1150062000,공항동,11581226.0,126.79496,37.55649,513000.0
202604.0,1150062000,공항동,11581226.0,126.79496,37.55649,515405.0
202603.0,1150063000,방화제1동,1487371.0,126.81755,37.56864,871157.0
202604.0,1150063000,방화제1동,1487371.0,126.81755,37.56864,878906.0
202603.0,1150064000,방화제2동,5640487.0,126.80451,37.5838,1445898.0
202604.0,1150064000,방화제2동,5640487.0,126.80451,37.5838,1416689.0
202603.0,1150064100,방화제3동,1979329.0,126.81553,37.58158,265457.0
202604.0,1150064100,방화제3동,1979329.0,126.81553,37.58158,275109.0
202603.0,1153051000,신도림동,1376469.0,126.88285,37.50973,2157303.0
202604.0,1153051000,신도림동,1376469.0,126.88285,37.50973,2208325.0
202603.0,1153052000,구로제1동,1083279.0,126.87546,37.49303,117836.0
202604.0,1153052000,구로제1동,1083279.0,126.87546,37.49303,119435.0
202603.0,1153053000,구로제2동,1809928.0,126.87949,37.49745,839242.0
202604.0,1153053000,구로제2동,1809928.0,126.87949,37.49745,891815.0
202603.0,1153054000,구로제3동,1043117.0,126.89498,37.48488,2784914.0
202604.0,1153054000,구로제3동,1043117.0,126.89498,37.48488,2818911.0
202603.0,1153055000,구로제4동,516496.0,126.8902,37.49154,241957.0
202604.0,1153055000,구로제4동,516496.0,126.8902,37.49154,242739.0
202603.0,1153056000,구로제5동,1023242.0,126.88848,37.50203,745759.0
202604.0,1153056000,구로제5동,1023242.0,126.88848,37.50203,755225.0
202603.0,1153059500,가리봉동,408284.0,126.88826,37.48256,223958.0
202604.0,1153059500,가리봉동,408284.0,126.88826,37.48256,229586.0
202603.0,1153072000,고척제1동,1132884.0,126.8634,37.50066,403519.0
202604.0,1153072000,고척제1동,1132884.0,126.8634,37.50066,440962.0
202603.0,1153073000,고척제2동,997120.0,126.85331,37.50585,293711.0
202604.0,1153073000,고척제2동,997120.0,126.85331,37.50585,298306.0
202603.0,1153074000,개봉제1동,1126936.0,126.84988,37.49988,1003286.0
202604.0,1153074000,개봉제1동,1126936.0,126.84988,37.49988,1019937.0
202603.0,1153075000,개봉제2동,815642.0,126.85636,37.49273,357042.0
202604.0,1153075000,개봉제2동,815642.0,126.85636,37.49273,357509.0
202603.0,1153076000,개봉제3동,848662.0,126.85241,37.48684,129255.0
202604.0,1153076000,개봉제3동,848662.0,126.85241,37.48684,130161.0
202603.0,1153077000,오류제1동,747283.0,126.84163,37.49696,446109.0
202604.0,1153077000,오류제1동,747283.0,126.84163,37.49696,454454.0
202603.0,1153078000,오류제2동,3081182.0,126.83837,37.48526,649230.0
202604.0,1153078000,오류제2동,3081182.0,126.83837,37.48526,664255.0
202603.0,1153079000,수궁동,2630691.0,126.82607,37.49828,809676.0
202604.0,1153079000,수궁동,2630691.0,126.82607,37.49828,831980.0
202603.0,1153080000,항동,1431213.0,126.82449,37.48103,103605.0
202604.0,1153080000,항동,1431213.0,126.82449,37.48103,110325.0
202603.0,1154551000,가산동,2244201.0,126.88434,37.47684,2520875.0
202604.0,1154551000,가산동,2244201.0,126.88434,37.47684,2582367.0
202603.0,1154561000,독산제1동,1964400.0,126.89272,37.4642,778401.0
202604.0,1154561000,독산제1동,1964400.0,126.89272,37.4642,797857.0
202603.0,1154562000,독산제2동,616195.0,126.90255,37.46383,303198.0
202604.0,1154562000,독산제2동,616195.0,126.90255,37.46383,305463.0
202603.0,1154563000,독산제3동,945991.0,126.90459,37.47593,461938.0
202604.0,1154563000,독산제3동,945991.0,126.90459,37.47593,465439.0
202603.0,1154564000,독산제4동,619603.0,126.90405,37.46922,336221.0
202604.0,1154564000,독산제4동,619603.0,126.90405,37.46922,336265.0
202603.0,1154567000,시흥제1동,1476950.0,126.90015,37.45289,716946.0
202604.0,1154567000,시흥제1동,1476950.0,126.90015,37.45289,729216.0
202603.0,1154568000,시흥제2동,1180173.0,126.92007,37.45059,182022.0
202604.0,1154568000,시흥제2동,1180173.0,126.92007,37.45059,190757.0
202603.0,1154569000,시흥제3동,1335878.0,126.90593,37.44028,107194.0
202604.0,1154569000,시흥제3동,1335878.0,126.90593,37.44028,109295.0
202603.0,1154570000,시흥제4동,771262.0,126.90911,37.46008,220291.0
202604.0,1154570000,시흥제4동,771262.0,126.90911,37.46008,224760.0
202603.0,1154571000,시흥제5동,1426902.0,126.91243,37.44875,346062.0
202604.0,1154571000,시흥제5동,1426902.0,126.91243,37.44875,353736.0
202603.0,1156051500,영등포본동,808233.0,126.9097,37.51372,871008.0
202604.0,1156051500,영등포본동,808233.0,126.9097,37.51372,867420.0
202603.0,1156053500,영등포동,1415805.0,126.90784,37.52152,1560888.0
202604.0,1156053500,영등포동,1415805.0,126.90784,37.52152,1576228.0
202603.0,1156054000,여의동,6656365.0,126.92757,37.52749,4526689.0
202604.0,1156054000,여의동,6656365.0,126.92757,37.52749,5119042.0
202603.0,1156055000,당산제1동,743499.0,126.89685,37.52393,1131437.0
202604.0,1156055000,당산제1동,743499.0,126.89685,37.52393,1148480.0
202603.0,1156056000,당산제2동,1564124.0,126.90391,37.53298,1752800.0
202604.0,1156056000,당산제2동,1564124.0,126.90391,37.53298,1852346.0
202603.0,1156058500,도림동,549811.0,126.90124,37.50928,166457.0
202604.0,1156058500,도림동,549811.0,126.90124,37.50928,166748.0
202603.0,1156060500,문래동,1742935.0,126.89147,37.51638,1073103.0
202604.0,1156060500,문래동,1742935.0,126.89147,37.51638,1078522.0
202603.0,1156061000,양평제1동,864764.0,126.88707,37.52507,423575.0
202604.0,1156061000,양평제1동,864764.0,126.88707,37.52507,443113.0
202603.0,1156062000,양평제2동,1892053.0,126.89418,37.5406,588559.0
202604.0,1156062000,양평제2동,1892053.0,126.89418,37.5406,622804.0
202603.0,1156063000,신길제1동,811808.0,126.91951,37.51234,620425.0
202604.0,1156063000,신길제1동,811808.0,126.91951,37.51234,637048.0
202603.0,1156065000,신길제3동,480412.0,126.90589,37.50645,201538.0
202604.0,1156065000,신길제3동,480412.0,126.90589,37.50645,203875.0
202603.0,1156066000,신길제4동,288284.0,126.91292,37.50728,139301.0
202604.0,1156066000,신길제4동,288284.0,126.91292,37.50728,144073.0
202603.0,1156067000,신길제5동,530930.0,126.90555,37.50112,125879.0
202604.0,1156067000,신길제5동,530930.0,126.90555,37.50112,127919.0
202603.0,1156068000,신길제6동,679799.0,126.91354,37.49916,608516.0
202604.0,1156068000,신길제6동,679799.0,126.91354,37.49916,615495.0
202603.0,1156069000,신길제7동,548054.0,126.9198,37.5058,634652.0
202604.0,1156069000,신길제7동,548054.0,126.9198,37.5058,653538.0
202603.0,1156070000,대림제1동,481705.0,126.90526,37.49377,188228.0
202604.0,1156070000,대림제1동,481705.0,126.90526,37.49377,189677.0
202603.0,1156071000,대림제2동,578880.0,126.90064,37.48963,158061.0
202604.0,1156071000,대림제2동,578880.0,126.90064,37.48963,159674.0
202603.0,1156072000,대림제3동,937514.0,126.89727,37.49987,1291141.0
202604.0,1156072000,대림제3동,937514.0,126.89727,37.49987,1284489.0
202603.0,1159051000,노량진제1동,1878710.0,126.94915,37.51303,2010908.0
202604.0,1159051000,노량진제1동,1878710.0,126.94915,37.51303,2055119.0
202603.0,1159052000,노량진제2동,661468.0,126.938,37.51093,451816.0
202604.0,1159052000,노량진제2동,661468.0,126.938,37.51093,463385.0
202603.0,1159053000,상도제1동,1431135.0,126.95347,37.49833,1946064.0
202604.0,1159053000,상도제1동,1431135.0,126.95347,37.49833,1955608.0
202603.0,1159054000,상도제2동,776948.0,126.94206,37.50367,684584.0
202604.0,1159054000,상도제2동,776948.0,126.94206,37.50367,701089.0
202603.0,1159055000,상도제3동,673241.0,126.93335,37.49723,280036.0
202604.0,1159055000,상도제3동,673241.0,126.93335,37.49723,284904.0
202603.0,1159056000,상도제4동,968511.0,126.94076,37.49743,231845.0
202604.0,1159056000,상도제4동,968511.0,126.94076,37.49743,237521.0
202603.0,1159060500,흑석동,2097147.0,126.96376,37.5063,987341.0
202604.0,1159060500,흑석동,2097147.0,126.96376,37.5063,1002325.0
202603.0,1159062000,사당제1동,632726.0,126.97741,37.47972,292186.0
202604.0,1159062000,사당제1동,632726.0,126.97741,37.47972,295748.0
202603.0,1159063000,사당제2동,3039007.0,126.97519,37.49823,1698140.0
202604.0,1159063000,사당제2동,3039007.0,126.97519,37.49823,1745975.0
202603.0,1159064000,사당제3동,894355.0,126.97086,37.48881,210113.0
202604.0,1159064000,사당제3동,894355.0,126.97086,37.48881,212471.0
202603.0,1159065000,사당제4동,427255.0,126.97077,37.48059,383938.0
202604.0,1159065000,사당제4동,427255.0,126.97077,37.48059,386514.0
202603.0,1159065100,사당제5동,661737.0,126.96504,37.4858,137255.0
202604.0,1159065100,사당제5동,661737.0,126.96504,37.4858,139519.0
202603.0,1159066000,대방동,1587711.0,126.92803,37.50711,1456633.0
202604.0,1159066000,대방동,1587711.0,126.92803,37.50711,1490163.0
202603.0,1159067000,신대방제1동,684048.0,126.91071,37.48995,202434.0
202604.0,1159067000,신대방제1동,684048.0,126.91071,37.48995,208029.0
202603.0,1159068000,신대방제2동,1033193.0,126.92153,37.49431,625318.0
202604.0,1159068000,신대방제2동,1033193.0,126.92153,37.49431,651176.0
202603.0,1162052500,보라매동,762164.0,126.93259,37.49036,402452.0
202604.0,1162052500,보라매동,762164.0,126.93259,37.49036,410535.0
202603.0,1162054500,청림동,316540.0,126.95957,37.48941,123434.0
202604.0,1162054500,청림동,316540.0,126.95957,37.48941,125180.0
202603.0,1162056500,성현동,686448.0,126.95117,37.48951,305119.0
202604.0,1162056500,성현동,686448.0,126.95117,37.48951,315019.0
202603.0,1162057500,행운동,723778.0,126.96062,37.4809,486389.0
202604.0,1162057500,행운동,723778.0,126.96062,37.4809,492192.0
202603.0,1162058500,낙성대동,2342295.0,126.96005,37.46723,567244.0
202604.0,1162058500,낙성대동,2342295.0,126.96005,37.46723,560512.0
202603.0,1162059500,청룡동,1217892.0,126.94588,37.47805,2782580.0
202604.0,1162059500,청룡동,1217892.0,126.94588,37.47805,2766937.0
202603.0,1162060500,은천동,734719.0,126.94221,37.48682,460217.0
202604.0,1162060500,은천동,734719.0,126.94221,37.48682,464111.0
202603.0,1162061500,중앙동,380017.0,126.95062,37.48412,298741.0
202604.0,1162061500,중앙동,380017.0,126.95062,37.48412,300589.0
202603.0,1162062500,인헌동,706179.0,126.96662,37.47208,1095879.0
202604.0,1162062500,인헌동,706179.0,126.96662,37.47208,1094316.0
202603.0,1162063000,남현동,4235911.0,126.97664,37.46247,2413360.0
202604.0,1162063000,남현동,4235911.0,126.97664,37.46247,2419086.0
202603.0,1162064500,서원동,631090.0,126.93344,37.4806,2538337.0
202604.0,1162064500,서원동,631090.0,126.93344,37.4806,2552371.0
202603.0,1162065500,신원동,576667.0,126.9267,37.4793,84111.0
202604.0,1162065500,신원동,576667.0,126.9267,37.4793,83855.0
202603.0,1162066500,서림동,762657.0,126.93921,37.47355,570804.0
202604.0,1162066500,서림동,762657.0,126.93921,37.47355,577467.0
202603.0,1162068500,신사동,605859.0,126.91875,37.48563,930883.0
202604.0,1162068500,신사동,605859.0,126.91875,37.48563,947554.0
202603.0,1162069500,신림동,507637.0,126.92761,37.4869,739824.0
202604.0,1162069500,신림동,507637.0,126.92761,37.4869,745419.0
202603.0,1162071500,난향동,800353.0,126.91827,37.46159,173863.0
202604.0,1162071500,난향동,800353.0,126.91827,37.46159,177025.0
202603.0,1162072500,조원동,648305.0,126.90753,37.48294,826018.0
202604.0,1162072500,조원동,648305.0,126.90753,37.48294,830580.0
202603.0,1162073500,대학동,8316533.0,126.94848,37.45347,1070214.0
202604.0,1162073500,대학동,8316533.0,126.94848,37.45347,1061836.0
202603.0,1162074500,삼성동,2589521.0,126.93014,37.46067,309847.0
202604.0,1162074500,삼성동,2589521.0,126.93014,37.46067,313196.0
202603.0,1162076500,미성동,1341134.0,126.91543,37.47594,479924.0
202604.0,1162076500,미성동,1341134.0,126.91543,37.47594,487628.0
202603.0,1162077500,난곡동,1014887.0,126.92105,37.4705,324255.0
202604.0,1162077500,난곡동,1014887.0,126.92105,37.4705,325766.0
202603.0,1165051000,서초1동,1371823.0,127.02014,37.48696,1711249.0
202604.0,1165051000,서초1동,1371823.0,127.02014,37.48696,1736621.0
202603.0,1165052000,서초2동,1234893.0,127.02791,37.48882,4201326.0
202604.0,1165052000,서초2동,1234893.0,127.02791,37.48882,4231816.0
202603.0,1165053000,서초3동,3010786.0,127.00959,37.48543,2391943.0
202604.0,1165053000,서초3동,3010786.0,127.00959,37.48543,2426572.0
202603.0,1165053100,서초4동,876369.0,127.01996,37.49899,467091.0
202604.0,1165053100,서초4동,876369.0,127.01996,37.49899,474238.0
202603.0,1165054000,잠원동,1837867.0,127.01304,37.51764,537691.0
202604.0,1165054000,잠원동,1837867.0,127.01304,37.51764,555861.0
202603.0,1165055000,반포본동,1539963.0,126.98648,37.50629,135920.0
202604.0,1165055000,반포본동,1539963.0,126.98648,37.50629,142984.0
202603.0,1165056000,반포1동,1009783.0,127.01663,37.50551,717800.0
202604.0,1165056000,반포1동,1009783.0,127.01663,37.50551,738509.0
202603.0,1165057000,반포2동,1242525.0,126.9957,37.50638,406320.0
202604.0,1165057000,반포2동,1242525.0,126.9957,37.50638,433438.0
202603.0,1165058000,반포3동,1309158.0,127.00359,37.51241,440923.0
202604.0,1165058000,반포3동,1309158.0,127.00359,37.51241,465322.0
202603.0,1165058100,반포4동,1458521.0,127.00329,37.49958,3165717.0
202604.0,1165058100,반포4동,1458521.0,127.00329,37.49958,3234485.0
202603.0,1165059000,방배본동,659648.0,126.98777,37.49495,225960.0
202604.0,1165059000,방배본동,659648.0,126.98777,37.49495,229955.0
202603.0,1165060000,방배1동,698070.0,126.9963,37.48491,726729.0
202604.0,1165060000,방배1동,698070.0,126.9963,37.48491,737765.0
202603.0,1165061000,방배2동,1934493.0,126.98849,37.47301,309274.0
202604.0,1165061000,방배2동,1934493.0,126.98849,37.47301,316342.0
202603.0,1165062000,방배3동,2412263.0,126.9979,37.47432,870627.0
202604.0,1165062000,방배3동,2412263.0,126.9979,37.47432,880167.0
202603.0,1165062100,방배4동,941537.0,126.99099,37.48982,320483.0
202604.0,1165062100,방배4동,941537.0,126.99099,37.48982,327055.0
202603.0,1165065100,양재1동,5738915.0,127.02253,37.46956,2701638.0
202604.0,1165065100,양재1동,5738915.0,127.02253,37.46956,2778818.0
202603.0,1165065200,양재2동,7433699.0,127.04591,37.45115,886399.0
202604.0,1165065200,양재2동,7433699.0,127.04591,37.45115,970881.0
202603.0,1165066000,내곡동,13138298.0,127.07055,37.45652,378462.0
202604.0,1165066000,내곡동,13138298.0,127.07055,37.45652,400256.0
202603.0,1168051000,신사동,1741768.0,127.0214,37.52572,376106.0
202604.0,1168051000,신사동,1741768.0,127.0214,37.52572,395459.0
202603.0,1168052100,논현1동,1246164.0,127.0265,37.51191,3368194.0
202604.0,1168052100,논현1동,1246164.0,127.0265,37.51191,3405165.0
202603.0,1168053100,논현2동,1440614.0,127.03622,37.51521,1732683.0
202604.0,1168053100,논현2동,1440614.0,127.03622,37.51521,1756986.0
202603.0,1168054500,압구정동,2512082.0,127.03348,37.53027,2052107.0
202604.0,1168054500,압구정동,2512082.0,127.03348,37.53027,2064774.0
202603.0,1168056500,청담동,2355811.0,127.0505,37.52454,633648.0
202604.0,1168056500,청담동,2355811.0,127.0505,37.52454,647781.0
202603.0,1168058000,삼성1동,1925054.0,127.06063,37.5154,1928944.0
202604.0,1168058000,삼성1동,1925054.0,127.06063,37.5154,1966390.0
202603.0,1168059000,삼성2동,1258529.0,127.04876,37.51184,1069662.0
202604.0,1168059000,삼성2동,1258529.0,127.04876,37.51184,1106786.0
202603.0,1168060000,대치1동,807837.0,127.05897,37.49339,452297.0
202604.0,1168060000,대치1동,807837.0,127.05897,37.49339,452057.0
202603.0,1168061000,대치2동,2060695.0,127.06642,37.50058,2654038.0
202604.0,1168061000,대치2동,2060695.0,127.06642,37.50058,2695313.0
202603.0,1168063000,대치4동,703180.0,127.0549,37.50166,2267319.0
202604.0,1168063000,대치4동,703180.0,127.0549,37.50166,2312282.0
202603.0,1168064000,역삼1동,2366859.0,127.03549,37.50089,4832444.0
202604.0,1168064000,역삼1동,2366859.0,127.03549,37.50089,4912253.0
202603.0,1168065000,역삼2동,1123383.0,127.04489,37.4985,568046.0
202604.0,1168065000,역삼2동,1123383.0,127.04489,37.4985,588637.0
202603.0,1168065500,도곡1동,1010321.0,127.04098,37.48905,768935.0
202604.0,1168065500,도곡1동,1010321.0,127.04098,37.48905,804440.0
202603.0,1168065600,도곡2동,1031472.0,127.04965,37.48821,994871.0
202604.0,1168065600,도곡2동,1031472.0,127.04965,37.48821,1005007.0
202603.0,1168066000,개포1동,1741195.0,127.06471,37.47928,184680.0
202604.0,1168066000,개포1동,1741195.0,127.06471,37.47928,189565.0
202603.0,1168067000,개포2동,1586586.0,127.06763,37.48648,551039.0
202604.0,1168067000,개포2동,1586586.0,127.06763,37.48648,548780.0
202603.0,1168067500,,,,,440274.0
202604.0,1168067500,,,,,451582.0
202603.0,1168069000,개포4동,1583608.0,127.05324,37.47555,239658.0
202604.0,1168069000,개포4동,1583608.0,127.05324,37.47555,241993.0
202603.0,1168070000,세곡동,5912729.0,127.10435,37.47107,545558.0
202604.0,1168070000,세곡동,5912729.0,127.10435,37.47107,561072.0
202603.0,1168072000,일원본동,2426105.0,127.08467,37.48237,619186.0
202604.0,1168072000,일원본동,2426105.0,127.08467,37.48237,631726.0
202603.0,1168073000,일원1동,946206.0,127.08925,37.49339,104051.0
202604.0,1168073000,일원1동,946206.0,127.08925,37.49339,105758.0
,1168074000,일원2동,1220000.0,127.084,37.483,
202603.0,1168075000,수서동,1624149.0,127.084,37.48684,1638175.0
202604.0,1168075000,수서동,1624149.0,127.084,37.48684,1666832.0
202603.0,1171051000,풍납1동,1057854.0,127.084,37.53824,131809.0
202604.0,1171051000,풍납1동,1057854.0,127.084,37.53824,134690.0
202603.0,1171052000,풍납2동,1992907.0,127.084,37.52985,196593.0
202604.0,1171052000,풍납2동,1992907.0,127.084,37.52985,202629.0
202603.0,1171053100,거여1동,506282.0,127.084,37.49439,408917.0
202604.0,1171053100,거여1동,506282.0,127.084,37.49439,414666.0
202603.0,1171053200,거여2동,505978.0,127.084,37.49238,107059.0
202604.0,1171053200,거여2동,505978.0,127.084,37.49238,108416.0
202603.0,1171054000,마천1동,519561.0,127.084,37.49478,321815.0
202604.0,1171054000,마천1동,519561.0,127.084,37.49478,329405.0
202603.0,1171055000,마천2동,958068.0,127.084,37.50033,192728.0
202604.0,1171055000,마천2동,958068.0,127.084,37.50033,195136.0
202603.0,1171056100,방이1동,585493.0,127.084,37.50977,358107.0
202604.0,1171056100,방이1동,585493.0,127.084,37.50977,362710.0
202603.0,1171056200,방이2동,767575.0,127.084,37.51325,426366.0
202604.0,1171056200,방이2동,767575.0,127.084,37.51325,445351.0
202603.0,1171056600,오륜동,3138116.0,127.084,37.51766,849786.0
202604.0,1171056600,오륜동,3138116.0,127.084,37.51766,859672.0
202603.0,1171057000,오금동,1733642.0,127.084,37.50399,658151.0
202604.0,1171057000,오금동,1733642.0,127.084,37.50399,674977.0
202603.0,1171058000,송파1동,696743.0,127.084,37.50717,598857.0
202604.0,1171058000,송파1동,696743.0,127.084,37.50717,639707.0
202603.0,1171059000,송파2동,599279.0,127.084,37.50284,76230.0
202604.0,1171059000,송파2동,599279.0,127.084,37.50284,78432.0
202603.0,1171060000,석촌동,932452.0,127.084,37.50272,911828.0
202604.0,1171060000,석촌동,932452.0,127.084,37.50272,964617.0
202603.0,1171061000,삼전동,990522.0,127.084,37.50172,235345.0
202604.0,1171061000,삼전동,990522.0,127.084,37.50172,239270.0
202603.0,1171062000,가락본동,1049756.0,127.084,37.49722,304380.0
202604.0,1171062000,가락본동,1049756.0,127.084,37.49722,313182.0
202603.0,1171063100,가락1동,1368008.0,127.10824,37.49533,1083553.0
202604.0,1171063100,가락1동,1368008.0,127.10824,37.49533,1096245.0
202603.0,1171063200,가락2동,941692.0,127.13064,37.49586,630927.0
202604.0,1171063200,가락2동,941692.0,127.13064,37.49586,640816.0
202603.0,1171064100,문정1동,667814.0,127.12686,37.48817,154645.0
202604.0,1171064100,문정1동,667814.0,127.12686,37.48817,157427.0
202603.0,1171064200,문정2동,2357239.0,127.11914,37.48069,1277674.0
202604.0,1171064200,문정2동,2357239.0,127.11914,37.48069,1314813.0
202603.0,1171064600,장지동,1221454.0,127.13163,37.48279,876237.0
202604.0,1171064600,장지동,1221454.0,127.13163,37.48279,896926.0
202603.0,1171064700,위례동,2608006.0,127.14124,37.48166,479145.0
202604.0,1171064700,위례동,2608006.0,127.14124,37.48166,489480.0
202603.0,1171065000,잠실본동,1140205.0,127.08229,37.50551,599485.0
202604.0,1171065000,잠실본동,1140205.0,127.08229,37.50551,608276.0
202603.0,1171067000,잠실2동,2877277.0,127.07882,37.51772,880466.0
202604.0,1171067000,잠실2동,2877277.0,127.07882,37.51772,932605.0
202603.0,1171068000,잠실3동,1514431.0,127.09432,37.51364,555016.0
202604.0,1171068000,잠실3동,1514431.0,127.09432,37.51364,588826.0
202603.0,1171069000,잠실4동,840215.0,127.10815,37.52125,819780.0
202604.0,1171069000,잠실4동,840215.0,127.10815,37.52125,871286.0
202603.0,1171071000,잠실6동,1398484.0,127.09998,37.51907,3628996.0
202604.0,1171071000,잠실6동,1398484.0,127.09998,37.51907,3985529.0
202603.0,1171072000,잠실7동,680575.0,127.0741,37.50748,663108.0
202604.0,1171072000,잠실7동,680575.0,127.0741,37.50748,906823.0
202603.0,1174051500,강일동,3653950.0,127.17402,37.56389,307225.0
202604.0,1174051500,강일동,3653950.0,127.17402,37.56389,312034.0
202603.0,1174052500,상일제1동,1781219.0,127.16484,37.55074,793467.0
202604.0,1174052500,상일제1동,1781219.0,127.16484,37.55074,805590.0
202603.0,1174052600,상일제2동,1090000.0,127.17784,37.55674,72707.0
202604.0,1174052600,상일제2동,1090000.0,127.17784,37.55674,72531.0
202603.0,1174053000,명일제1동,621207.0,127.14594,37.55037,473010.0
202604.0,1174053000,명일제1동,621207.0,127.14594,37.55037,474365.0
202603.0,1174054000,명일제2동,937505.0,127.1542,37.54829,483841.0
202604.0,1174054000,명일제2동,937505.0,127.1542,37.54829,489838.0
202603.0,1174055000,고덕제1동,1905349.0,127.15031,37.56335,124605.0
202604.0,1174055000,고덕제1동,1905349.0,127.15031,37.56335,127302.0
202603.0,1174056000,고덕제2동,2415151.0,127.16164,37.56586,259260.0
202604.0,1174056000,고덕제2동,2415151.0,127.16164,37.56586,262510.0
202603.0,1174057000,암사제1동,730232.0,127.13459,37.55186,93314.0
202604.0,1174057000,암사제1동,730232.0,127.13459,37.55186,93900.0
202603.0,1174058000,암사제2동,2442627.0,127.12324,37.55738,542615.0
202604.0,1174058000,암사제2동,2442627.0,127.12324,37.55738,549605.0
202603.0,1174059000,암사제3동,1853001.0,127.13851,37.5615,311228.0
202604.0,1174059000,암사제3동,1853001.0,127.13851,37.5615,324258.0
202603.0,1174060000,천호제1동,685407.0,127.13858,37.54632,424877.0
202604.0,1174060000,천호제1동,685407.0,127.13858,37.54632,422910.0
202603.0,1174061000,천호제2동,1828587.0,127.12228,37.54469,315563.0
202604.0,1174061000,천호제2동,1828587.0,127.12228,37.54469,316017.0
202603.0,1174062000,천호제3동,538847.0,127.1332,37.53965,155398.0
202604.0,1174062000,천호제3동,538847.0,127.1332,37.53965,157376.0
202603.0,1174064000,성내제1동,661583.0,127.12552,37.52876,501018.0
202604.0,1174064000,성내제1동,661583.0,127.12552,37.52876,512445.0
202603.0,1174065000,성내제2동,626571.0,127.12774,37.53436,2020021.0
202604.0,1174065000,성내제2동,626571.0,127.12774,37.53436,2027430.0
202603.0,1174066000,성내제3동,642074.0,127.1338,37.5284,153390.0
202604.0,1174066000,성내제3동,642074.0,127.1338,37.5284,155094.0
202603.0,1174068500,길동,1601118.0,127.14591,37.53973,616790.0
202604.0,1174068500,길동,1601118.0,127.14591,37.53973,625724.0
202603.0,1174069000,둔촌제1동,896155.0,127.14043,37.52315,649590.0
202604.0,1174069000,둔촌제1동,896155.0,127.14043,37.52315,661705.0
202603.0,1174070000,둔촌제2동,1594005.0,127.14741,37.53151,615781.0
202604.0,1174070000,둔촌제2동,1594005.0,127.14741,37.53151,635065.0
